0.0143137
0.0754025
0.185243
0.343753
0.55078
0.806123
1.10953
1.46071
1.85932
2.30496
2.79721
3.33557
3.91954
4.54852
5.22192
5.93907
6.69927
7.50177
8.34581
9.23054
10.1551
11.1186
12.1201
13.1586
14.2331
15.3425
16.4858
17.6619
18.8696
20.1076
21.3749
22.6701
23.9921
25.3395
26.7109
28.1051
29.5207
30.9564
32.4106
33.882
35.3691
36.8706
38.3849
39.9105
41.446
42.9898
44.5405
46.0966
47.6564
49.2186
50.7814
52.3436
53.9034
55.4595
57.0102
58.554
60.0895
61.6151
63.1294
64.6309
66.118
67.5894
69.0436
70.4793
71.8949
73.2891
74.6605
76.0079
77.3299
78.6251
79.8924
81.1304
82.3381
83.5142
84.6575
85.7669
86.8414
87.8799
88.8814
89.8449
90.7695
91.6542
92.4982
93.3007
94.0609
94.7781
95.4515
96.0805
96.6644
97.2028
97.695
98.1407
98.5393
98.8905
99.1939
99.4492
99.6562
99.8148
99.9246
99.9857
