-99.9857
-99.9246
-99.8148
-99.6562
-99.4492
-99.1939
-98.8905
-98.5393
-98.1407
-97.695
-97.2028
-96.6644
-96.0805
-95.4515
-94.7781
-94.0609
-93.3007
-92.4982
-91.6542
-90.7695
-89.8449
-88.8814
-87.8799
-86.8414
-85.7669
-84.6575
-83.5142
-82.3381
-81.1304
-79.8924
-78.6251
-77.3299
-76.0079
-74.6605
-73.2891
-71.8949
-70.4793
-69.0436
-67.5894
-66.118
-64.6309
-63.1294
-61.6151
-60.0895
-58.554
-57.0102
-55.4595
-53.9034
-52.3436
-50.7814
-49.2186
-47.6564
-46.0966
-44.5405
-42.9898
-41.446
-39.9105
-38.3849
-36.8706
-35.3691
-33.882
-32.4106
-30.9564
-29.5207
-28.1051
-26.7109
-25.3395
-23.9921
-22.6701
-21.3749
-20.1076
-18.8696
-17.6619
-16.4858
-15.3425
-14.2331
-13.1586
-12.1201
-11.1186
-10.1551
-9.23054
-8.34581
-7.50177
-6.69927
-5.93907
-5.22192
-4.54852
-3.91954
-3.33557
-2.79721
-2.30496
-1.85932
-1.46071
-1.10953
-0.806123
-0.55078
-0.343753
-0.185243
-0.0754025
-0.0143137
