0.0367317
0.0854696
0.134196
0.182798
0.231223
0.279421
0.327347
0.374954
0.422194
0.469021
0.51539
0.561256
0.606573
0.651297
0.695386
0.738794
0.781481
0.823404
0.864523
0.904797
0.944187
0.982654
1.02016
1.05667
1.09215
1.12656
1.15987
1.19205
1.22306
1.25288
1.28147
1.30881
1.33487
1.35963
1.38306
1.40514
1.42584
1.44515
1.46305
1.47952
1.49455
1.50811
1.5202
1.53081
1.53992
1.54752
1.55362
1.55819
1.56124
1.56277
1.56277
1.56124
1.55819
1.55362
1.54752
1.53992
1.53081
1.5202
1.50811
1.49455
1.47952
1.46305
1.44515
1.42584
1.40514
1.38306
1.35963
1.33487
1.30881
1.28147
1.25288
1.22306
1.19205
1.15987
1.12656
1.09215
1.05667
1.02016
0.982654
0.944187
0.904797
0.864523
0.823404
0.781481
0.738794
0.695386
0.651297
0.606573
0.561256
0.51539
0.469021
0.422194
0.374954
0.327347
0.279421
0.231223
0.182798
0.134196
0.0854696
0.0367317
